950 400
73
rectangle 684.000 227.000 14.000 14.000 0.000 yellow
1
move 748.200 241.000 3000
rectangle 303.000 140.000 14.000 42.000 0.000 red
1
move 252.600 185.000 3000
rectangle 510.000 311.000 28.000 14.000 0.000 black
1
move 128.000 157.000 3000
rectangle 701.000 294.000 14.000 42.000 0.000 red
1
move 541.000 185.000 3000
rectangle 655.000 76.000 14.000 14.000 0.000 yellow
1
move 720.200 241.000 3000
rectangle 230.000 31.000 14.000 42.000 0.000 red
1
move 597.000 185.000 3000
rectangle 716.000 45.000 14.000 14.000 0.000 black
1
move 837.800 157.000 3000
rectangle 920.000 370.000 14.000 14.000 0.000 red
1
move 238.600 241.000 3000
rectangle 863.000 174.000 28.000 14.000 0.000 red
1
move 486.400 241.000 3000
rectangle 813.000 37.000 14.000 42.000 0.000 yellow
1
move 734.200 171.000 3000
rectangle 327.000 25.000 14.000 14.000 0.000 yellow
1
move 342.200 171.000 3000
rectangle 839.000 63.000 14.000 28.000 0.000 black
1
move 163.000 220.000 3000
rectangle 119.000 168.000 14.000 14.000 0.000 yellow
1
move 630.600 241.000 3000
rectangle 442.000 295.000 28.000 14.000 0.000 black
1
move 156.000 157.000 3000
rectangle 872.000 280.000 14.000 28.000 0.000 black
1
move 107.000 178.000 3000
rectangle 608.000 300.000 14.000 28.000 0.000 red
1
move 541.000 220.000 3000
rectangle 307.000 113.000 14.000 14.000 0.000 red
1
move 583.000 213.000 3000
rectangle 236.000 96.000 14.000 42.000 0.000 black
1
move 837.800 185.000 3000
rectangle 121.000 367.000 14.000 28.000 0.000 red
1
move 465.400 206.000 3000
rectangle 706.000 274.000 28.000 14.000 0.000 black
1
move 424.800 157.000 3000
rectangle 665.000 347.000 14.000 14.000 0.000 red
1
move 210.600 241.000 3000
rectangle 795.000 110.000 14.000 14.000 0.000 red
1
move 597.000 157.000 3000
rectangle 265.000 386.000 14.000 28.000 0.000 red
1
move 465.400 234.000 3000
rectangle 242.000 22.000 14.000 14.000 0.000 yellow
1
move 720.200 157.000 3000
rectangle 157.000 293.000 42.000 14.000 0.000 black
1
move 389.800 157.000 3000
rectangle 353.000 134.000 28.000 14.000 0.000 yellow
1
move 679.600 157.000 3000
rectangle 170.000 64.000 14.000 14.000 0.000 yellow
1
move 328.200 157.000 3000
rectangle 755.000 26.000 14.000 14.000 0.000 red
1
move 569.000 199.000 3000
rectangle 155.000 354.000 28.000 14.000 0.000 yellow
1
move 679.600 241.000 3000
rectangle 628.000 358.000 14.000 14.000 0.000 black
1
move 795.800 185.000 3000
rectangle 98.000 82.000 14.000 14.000 0.000 black
1
move 107.000 241.000 3000
rectangle 624.000 219.000 14.000 28.000 0.000 black
1
move 781.800 220.000 3000
rectangle 255.000 3.000 14.000 28.000 0.000 yellow
1
move 630.600 192.000 3000
rectangle 62.000 95.000 14.000 42.000 0.000 red
1
move 196.600 213.000 3000
rectangle 262.000 86.000 14.000 14.000 0.000 black
1
move 837.800 241.000 3000
rectangle 839.000 78.000 14.000 14.000 0.000 black
1
move 809.800 199.000 3000
rectangle 881.000 258.000 42.000 14.000 0.000 yellow
1
move 644.600 157.000 3000
rectangle 403.000 90.000 42.000 14.000 0.000 black
1
move 135.000 199.000 3000
rectangle 729.000 17.000 14.000 28.000 0.000 red
1
move 507.400 234.000 3000
rectangle 376.000 372.000 14.000 14.000 0.000 yellow
1
move 286.200 171.000 3000
rectangle 407.000 177.000 14.000 14.000 0.000 red
1
move 541.000 241.000 3000
rectangle 459.000 391.000 14.000 14.000 0.000 yellow
1
move 630.600 171.000 3000
rectangle 601.000 19.000 14.000 42.000 0.000 black
1
move 403.800 185.000 3000
rectangle 224.000 63.000 28.000 14.000 0.000 yellow
1
move 637.600 199.000 3000
rectangle 530.000 294.000 14.000 14.000 0.000 black
1
move 781.800 241.000 3000
rectangle 638.000 52.000 14.000 28.000 0.000 red
1
move 252.600 220.000 3000
rectangle 17.000 395.000 14.000 42.000 0.000 red
1
move 465.400 171.000 3000
rectangle 541.000 340.000 28.000 14.000 0.000 yellow
1
move 307.200 157.000 3000
rectangle 865.000 318.000 14.000 14.000 0.000 red
1
move 224.600 241.000 3000
rectangle 618.000 36.000 14.000 28.000 0.000 yellow
1
move 286.200 192.000 3000
rectangle 812.000 373.000 14.000 28.000 0.000 black
1
move 837.800 220.000 3000
rectangle 108.000 63.000 14.000 42.000 0.000 black
1
move 403.800 227.000 3000
rectangle 558.000 313.000 14.000 14.000 0.000 red
1
move 597.000 241.000 3000
rectangle 660.000 44.000 14.000 14.000 0.000 yellow
1
move 342.200 227.000 3000
rectangle 425.000 102.000 28.000 14.000 0.000 yellow
1
move 665.600 199.000 3000
rectangle 131.000 395.000 42.000 14.000 0.000 black
1
move 135.000 241.000 3000
rectangle 792.000 42.000 28.000 14.000 0.000 yellow
1
move 335.200 213.000 3000
rectangle 746.000 185.000 28.000 14.000 0.000 yellow
1
move 307.200 241.000 3000
rectangle 42.000 242.000 14.000 14.000 0.000 yellow
1
move 328.200 241.000 3000
rectangle 116.000 152.000 14.000 28.000 0.000 yellow
1
move 286.200 220.000 3000
rectangle 108.000 7.000 14.000 28.000 0.000 yellow
1
move 630.600 220.000 3000
rectangle 518.000 139.000 42.000 14.000 0.000 red
1
move 224.600 157.000 3000
rectangle 25.000 330.000 14.000 14.000 0.000 black
1
move 823.800 213.000 3000
rectangle 764.000 280.000 14.000 42.000 0.000 black
1
move 781.800 185.000 3000
rectangle 211.000 344.000 14.000 14.000 0.000 red
1
move 541.000 157.000 3000
rectangle 490.000 358.000 14.000 14.000 0.000 yellow
1
move 748.200 157.000 3000
rectangle 347.000 72.000 14.000 28.000 0.000 yellow
1
move 734.200 206.000 3000
rectangle 62.000 49.000 14.000 28.000 0.000 red
1
move 597.000 220.000 3000
rectangle 385.000 32.000 14.000 28.000 0.000 red
1
move 196.600 178.000 3000
rectangle 550.000 91.000 14.000 14.000 0.000 red
1
move 555.000 185.000 3000
rectangle 551.000 68.000 28.000 14.000 0.000 yellow
1
move 651.600 241.000 3000
rectangle 10.000 373.000 14.000 28.000 0.000 yellow
1
move 734.200 234.000 3000
rectangle 492.000 227.000 14.000 14.000 0.000 black
1
move 781.800 157.000 3000
