800 400
58
rectangle 307.200 241.000 28.000 14.000 0.000 yellow
0
rectangle 637.600 199.000 28.000 14.000 0.000 yellow
0
rectangle 328.200 234.000 14.000 28.000 0.000 yellow
0
rectangle 389.800 241.000 42.000 14.000 0.000 yellow
0
rectangle 479.400 157.000 42.000 14.000 0.000 red
0
rectangle 286.200 171.000 14.000 42.000 0.000 yellow
0
rectangle 597.000 241.000 14.000 14.000 0.000 yellow
0
rectangle 196.600 171.000 14.000 14.000 0.000 black
0
rectangle 286.200 234.000 14.000 28.000 0.000 yellow
0
rectangle 135.000 213.000 14.000 42.000 0.000 red
0
rectangle 107.000 185.000 14.000 14.000 0.000 red
0
rectangle 541.000 220.000 14.000 28.000 0.000 yellow
0
rectangle 583.000 171.000 14.000 14.000 0.000 yellow
0
rectangle 451.400 178.000 14.000 28.000 0.000 red
0
rectangle 210.600 157.000 42.000 14.000 0.000 black
0
rectangle 196.600 241.000 14.000 14.000 0.000 black
0
rectangle 286.200 206.000 14.000 28.000 0.000 yellow
0
rectangle 389.800 157.000 42.000 14.000 0.000 yellow
0
rectangle 507.400 220.000 14.000 28.000 0.000 red
0
rectangle 493.400 241.000 14.000 14.000 0.000 red
0
rectangle 651.600 241.000 28.000 14.000 0.000 yellow
0
rectangle 630.600 241.000 14.000 14.000 0.000 yellow
0
rectangle 541.000 157.000 14.000 14.000 0.000 yellow
0
rectangle 597.000 220.000 14.000 28.000 0.000 yellow
0
rectangle 479.400 241.000 14.000 14.000 0.000 red
0
rectangle 451.400 213.000 14.000 42.000 0.000 red
0
rectangle 507.400 185.000 14.000 42.000 0.000 red
0
rectangle 417.800 171.000 14.000 14.000 0.000 yellow
0
rectangle 541.000 185.000 14.000 42.000 0.000 yellow
0
rectangle 630.600 171.000 14.000 14.000 0.000 yellow
0
rectangle 465.400 241.000 14.000 14.000 0.000 red
0
rectangle 569.000 192.000 14.000 28.000 0.000 yellow
0
rectangle 196.600 220.000 14.000 28.000 0.000 black
0
rectangle 217.600 241.000 28.000 14.000 0.000 black
0
rectangle 107.000 164.000 14.000 28.000 0.000 red
0
rectangle 149.000 241.000 14.000 14.000 0.000 red
0
rectangle 196.600 192.000 14.000 28.000 0.000 black
0
rectangle 107.000 213.000 14.000 42.000 0.000 red
0
rectangle 163.000 171.000 14.000 42.000 0.000 red
0
rectangle 361.800 178.000 14.000 28.000 0.000 yellow
0
rectangle 630.600 220.000 14.000 28.000 0.000 yellow
0
rectangle 679.600 241.000 28.000 14.000 0.000 yellow
0
rectangle 679.600 157.000 28.000 14.000 0.000 yellow
0
rectangle 417.800 227.000 14.000 14.000 0.000 yellow
0
rectangle 361.800 213.000 14.000 42.000 0.000 yellow
0
rectangle 121.000 241.000 14.000 14.000 0.000 red
0
rectangle 245.600 157.000 28.000 14.000 0.000 black
0
rectangle 555.000 171.000 14.000 14.000 0.000 yellow
0
rectangle 597.000 157.000 14.000 14.000 0.000 yellow
0
rectangle 203.600 199.000 28.000 14.000 0.000 black
0
rectangle 644.600 157.000 42.000 14.000 0.000 yellow
0
rectangle 665.600 199.000 28.000 14.000 0.000 yellow
0
rectangle 541.000 241.000 14.000 14.000 0.000 yellow
0
rectangle 630.600 192.000 14.000 28.000 0.000 yellow
0
rectangle 597.000 185.000 14.000 42.000 0.000 yellow
0
rectangle 245.600 241.000 28.000 14.000 0.000 black
0
rectangle 231.600 199.000 28.000 14.000 0.000 black
0
rectangle 163.000 213.000 14.000 42.000 0.000 red
0
