650 400
40
rectangle 163.000 220.000 14.000 28.000 0.000 red
0
rectangle 499.000 171.000 14.000 14.000 0.000 red
0
rectangle 423.400 234.000 14.000 28.000 0.000 red
0
rectangle 375.800 234.000 14.000 28.000 0.000 yellow
0
rectangle 107.000 241.000 14.000 14.000 0.000 red
0
circle 314.200 171.000 21.000 yellow
0
rectangle 499.000 241.000 14.000 14.000 0.000 red
0
rectangle 423.400 171.000 14.000 42.000 0.000 red
0
rectangle 389.800 241.000 14.000 14.000 0.000 yellow
0
rectangle 444.400 241.000 28.000 14.000 0.000 red
0
rectangle 149.000 171.000 14.000 14.000 0.000 red
0
rectangle 423.400 206.000 14.000 28.000 0.000 red
0
rectangle 389.800 157.000 14.000 14.000 0.000 yellow
0
rectangle 121.000 171.000 14.000 14.000 0.000 red
0
rectangle 499.000 220.000 14.000 28.000 0.000 red
0
rectangle 513.000 157.000 42.000 14.000 0.000 red
0
rectangle 361.800 157.000 14.000 14.000 0.000 yellow
0
rectangle 375.800 206.000 14.000 28.000 0.000 yellow
0
rectangle 135.000 192.000 14.000 28.000 0.000 red
0
rectangle 520.000 241.000 28.000 14.000 0.000 red
0
rectangle 163.000 157.000 14.000 14.000 0.000 red
0
rectangle 534.000 199.000 28.000 14.000 0.000 red
0
rectangle 548.000 157.000 28.000 14.000 0.000 red
0
rectangle 296.700 199.000 35.000 98.000 0.000 yellow
0
rectangle 375.800 171.000 14.000 42.000 0.000 yellow
0
rectangle 107.000 185.000 14.000 42.000 0.000 red
0
rectangle 107.000 157.000 14.000 14.000 0.000 red
0
rectangle 361.800 241.000 14.000 14.000 0.000 yellow
0
circle 314.200 227.000 21.000 yellow
0
rectangle 506.000 199.000 28.000 14.000 0.000 red
0
rectangle 499.000 192.000 14.000 28.000 0.000 red
0
circle 224.600 199.000 35.000 black
0
rectangle 548.000 241.000 28.000 14.000 0.000 red
0
rectangle 163.000 241.000 14.000 14.000 0.000 red
0
rectangle 163.000 185.000 14.000 42.000 0.000 red
0
rectangle 107.000 220.000 14.000 28.000 0.000 red
0
rectangle 465.400 234.000 14.000 28.000 0.000 red
0
circle 314.200 227.000 7.000 white
0
circle 314.200 171.000 7.000 white
0
circle 224.600 199.000 21.000 white
0
