900 400
59
rectangle 9.000 345.000 14.000 28.000 356.673 yellow
2
move 644.600 220.000 2000
rotate 3.327 2000
rectangle 810.000 237.000 14.000 42.000 324.247 red
2
move 583.000 185.000 2000
rotate 35.753 2000
rectangle 198.000 350.000 14.000 14.000 316.858 yellow
2
move 328.200 157.000 2000
rotate 43.142 2000
rectangle 157.000 292.000 28.000 14.000 340.765 yellow
2
move 651.600 199.000 2000
rotate 19.235 2000
rectangle 492.000 227.000 28.000 14.000 44.396 black
2
move 424.800 199.000 2000
rotate -44.396 2000
rectangle 429.000 152.000 14.000 42.000 352.516 red
2
move 493.400 227.000 2000
rotate 7.484 2000
rectangle 347.000 72.000 14.000 14.000 271.798 black
2
move 375.800 241.000 2000
rotate 88.202 2000
rectangle 763.000 12.000 42.000 14.000 53.810 red
2
move 479.400 157.000 2000
rotate -53.810 2000
rectangle 255.000 3.000 14.000 14.000 309.516 yellow
2
move 328.200 227.000 2000
rotate 50.484 2000
rectangle 89.000 364.000 42.000 14.000 39.192 yellow
2
move 300.200 157.000 2000
rotate -39.192 2000
rectangle 85.000 112.000 14.000 14.000 20.522 yellow
2
move 748.200 185.000 2000
rotate -20.522 2000
rectangle 7.000 42.000 28.000 14.000 75.907 yellow
2
move 693.600 241.000 2000
rotate -75.907 2000
rectangle 105.000 299.000 42.000 14.000 32.265 black
2
move 135.000 241.000 2000
rotate -32.265 2000
rectangle 110.000 341.000 14.000 14.000 350.645 yellow
2
move 644.600 241.000 2000
rotate 9.355 2000
rectangle 859.000 84.000 14.000 14.000 69.975 black
2
move 107.000 241.000 2000
rotate -69.975 2000
rectangle 678.000 58.000 14.000 14.000 71.886 red
2
move 196.600 171.000 2000
rotate -71.886 2000
rectangle 819.000 167.000 14.000 28.000 279.331 yellow
2
move 342.200 178.000 2000
rotate 80.669 2000
rectangle 133.000 79.000 42.000 14.000 302.142 yellow
2
move 658.600 157.000 2000
rotate 57.858 2000
rectangle 752.000 8.000 28.000 14.000 330.775 red
2
move 245.600 213.000 2000
rotate 29.225 2000
rectangle 218.000 314.000 14.000 42.000 40.730 black
2
move 431.800 227.000 2000
rotate -40.730 2000
rectangle 85.000 183.000 14.000 28.000 285.521 red
2
move 196.600 220.000 2000
rotate 74.479 2000
rectangle 353.000 134.000 14.000 14.000 350.797 yellow
2
move 314.200 213.000 2000
rotate 9.203 2000
rectangle 510.000 132.000 14.000 14.000 352.122 red
2
move 252.600 227.000 2000
rotate 7.878 2000
rectangle 793.000 203.000 14.000 14.000 287.900 yellow
2
move 776.200 185.000 2000
rotate 72.100 2000
rectangle 230.000 31.000 14.000 14.000 281.020 yellow
2
move 328.200 199.000 2000
rotate 78.980 2000
rectangle 449.000 85.000 14.000 14.000 50.556 red
2
move 238.600 157.000 2000
rotate -50.556 2000
rectangle 407.000 311.000 14.000 28.000 22.531 yellow
2
move 762.200 234.000 2000
rotate -22.531 2000
rectangle 613.000 255.000 28.000 14.000 2.534 black
2
move 128.000 157.000 2000
rotate -2.534 2000
rectangle 449.000 323.000 28.000 14.000 354.742 yellow
2
move 679.600 199.000 2000
rotate 5.258 2000
rectangle 131.000 395.000 42.000 14.000 86.076 black
2
move 135.000 199.000 2000
rotate -86.076 2000
rectangle 601.000 19.000 14.000 14.000 289.036 red
2
move 238.600 241.000 2000
rotate 70.964 2000
rectangle 510.000 71.000 42.000 14.000 334.471 red
2
move 569.000 157.000 2000
rotate 25.529 2000
rectangle 136.000 52.000 14.000 28.000 0.193 yellow
2
move 644.600 192.000 2000
rotate -0.193 2000
rectangle 186.000 192.000 14.000 28.000 14.268 black
2
move 163.000 220.000 2000
rotate -14.268 2000
rectangle 468.000 331.000 28.000 14.000 329.433 red
2
move 217.600 157.000 2000
rotate 30.567 2000
rectangle 732.000 222.000 14.000 28.000 83.980 red
2
move 196.600 192.000 2000
rotate -83.980 2000
rectangle 839.000 63.000 14.000 28.000 287.234 black
2
move 107.000 178.000 2000
rotate 72.766 2000
rectangle 519.000 366.000 28.000 14.000 316.970 yellow
2
move 693.600 157.000 2000
rotate 43.030 2000
rectangle 274.000 188.000 14.000 14.000 30.939 red
2
move 252.600 171.000 2000
rotate -30.939 2000
rectangle 624.000 219.000 14.000 28.000 3.247 black
2
move 431.800 178.000 2000
rotate -3.247 2000
rectangle 639.000 280.000 28.000 14.000 340.908 black
2
move 156.000 157.000 2000
rotate 19.092 2000
rectangle 630.000 256.000 14.000 28.000 31.871 yellow
2
move 762.200 206.000 2000
rotate -31.871 2000
rectangle 855.000 164.000 14.000 28.000 23.156 yellow
2
move 734.200 164.000 2000
rotate -23.156 2000
rectangle 119.000 168.000 42.000 14.000 6.878 black
2
move 403.800 157.000 2000
rotate -6.878 2000
rectangle 155.000 354.000 14.000 28.000 312.570 black
2
move 375.800 178.000 2000
rotate 47.430 2000
rectangle 157.000 293.000 28.000 14.000 34.212 red
2
move 217.600 241.000 2000
rotate -34.212 2000
rectangle 812.000 373.000 14.000 42.000 316.122 red
2
move 493.400 185.000 2000
rotate 43.878 2000
rectangle 558.000 313.000 14.000 42.000 64.979 yellow
2
move 286.200 227.000 2000
rotate -64.979 2000
rectangle 490.000 358.000 14.000 42.000 52.981 black
2
move 375.800 213.000 2000
rotate -52.981 2000
rectangle 307.000 113.000 42.000 14.000 49.787 yellow
2
move 300.200 199.000 2000
rotate -49.787 2000
rectangle 848.000 303.000 14.000 42.000 24.740 red
2
move 583.000 227.000 2000
rotate -24.740 2000
rectangle 875.000 62.000 14.000 28.000 280.626 yellow
2
move 790.200 164.000 2000
rotate 79.374 2000
rectangle 543.000 95.000 14.000 14.000 61.488 yellow
2
move 644.600 171.000 2000
rotate -61.488 2000
rectangle 802.000 198.000 28.000 14.000 328.774 red
2
move 604.000 157.000 2000
rotate 31.226 2000
rectangle 425.000 102.000 14.000 14.000 288.990 yellow
2
move 342.200 241.000 2000
rotate 71.010 2000
rectangle 90.000 394.000 28.000 14.000 303.837 red
2
move 514.400 157.000 2000
rotate 56.163 2000
rectangle 691.000 278.000 28.000 14.000 296.522 yellow
2
move 665.600 241.000 2000
rotate 63.478 2000
rectangle 655.000 76.000 28.000 14.000 30.322 black
2
move 396.800 199.000 2000
rotate -30.322 2000
rectangle 802.000 96.000 14.000 28.000 83.700 yellow
2
move 286.200 178.000 2000
rotate -83.700 2000
