950 400
70
rectangle 210.600 241.000 14.000 14.000 173.747 black
1
rotate -173.747 2000
rectangle 389.800 241.000 14.000 14.000 137.969 yellow
1
rotate 222.031 2000
rectangle 597.000 171.000 14.000 14.000 47.944 black
1
rotate -47.944 2000
rectangle 300.200 199.000 42.000 14.000 242.611 black
1
rotate -242.611 2000
rectangle 342.200 178.000 14.000 28.000 206.144 black
1
rotate 153.856 2000
rectangle 755.200 157.000 28.000 14.000 272.078 black
1
rotate 87.922 2000
rectangle 252.600 220.000 14.000 28.000 156.373 black
1
rotate 203.627 2000
rectangle 611.000 241.000 14.000 14.000 134.299 black
1
rotate -134.299 2000
rectangle 802.800 199.000 28.000 14.000 265.858 yellow
1
rotate 94.142 2000
rectangle 403.800 157.000 42.000 14.000 145.701 yellow
1
rotate 214.299 2000
rectangle 706.200 241.000 14.000 14.000 238.992 black
1
rotate -238.992 2000
rectangle 493.400 185.000 14.000 42.000 181.436 red
1
rotate 178.564 2000
rectangle 328.200 199.000 14.000 14.000 300.063 black
1
rotate 59.937 2000
rectangle 809.800 157.000 42.000 14.000 223.424 yellow
1
rotate -223.424 2000
rectangle 555.000 157.000 14.000 14.000 123.507 black
1
rotate -123.507 2000
rectangle 611.000 185.000 14.000 42.000 90.142 black
1
rotate -90.142 2000
rectangle 135.000 157.000 42.000 14.000 120.334 yellow
1
rotate -120.334 2000
rectangle 286.200 213.000 14.000 14.000 167.055 black
1
rotate -167.055 2000
rectangle 163.000 171.000 14.000 14.000 45.246 yellow
1
rotate -45.246 2000
rectangle 555.000 220.000 14.000 28.000 4.763 black
1
rotate -4.763 2000
rectangle 644.600 241.000 14.000 14.000 54.485 black
1
rotate -54.485 2000
rectangle 375.800 178.000 14.000 28.000 17.070 yellow
1
rotate -17.070 2000
rectangle 107.000 178.000 14.000 28.000 156.848 yellow
1
rotate 203.152 2000
rectangle 844.800 241.000 28.000 14.000 145.497 yellow
1
rotate 214.503 2000
rectangle 583.000 192.000 14.000 28.000 48.205 black
1
rotate -48.205 2000
rectangle 762.200 220.000 14.000 28.000 152.827 black
1
rotate 207.173 2000
rectangle 163.000 227.000 14.000 14.000 319.760 yellow
1
rotate 40.240 2000
rectangle 734.200 241.000 42.000 14.000 172.880 black
1
rotate 187.120 2000
rectangle 795.800 220.000 14.000 28.000 170.502 yellow
1
rotate 189.498 2000
rectangle 300.200 157.000 42.000 14.000 26.020 black
1
rotate -26.020 2000
rectangle 795.800 171.000 14.000 14.000 232.181 yellow
1
rotate -232.181 2000
rectangle 514.400 157.000 28.000 14.000 307.816 red
1
rotate 52.184 2000
rectangle 658.600 171.000 14.000 42.000 241.695 black
1
rotate 118.305 2000
rectangle 672.600 241.000 14.000 14.000 131.255 black
1
rotate -131.255 2000
rectangle 555.000 241.000 14.000 14.000 133.558 black
1
rotate 226.442 2000
rectangle 286.200 227.000 14.000 14.000 287.635 black
1
rotate 72.365 2000
rectangle 375.800 213.000 14.000 42.000 341.130 yellow
1
rotate 18.870 2000
rectangle 569.000 171.000 14.000 14.000 63.723 black
1
rotate -63.723 2000
rectangle 734.200 199.000 42.000 14.000 138.963 black
1
rotate 221.037 2000
rectangle 107.000 213.000 14.000 42.000 51.009 yellow
1
rotate -51.009 2000
rectangle 816.800 241.000 28.000 14.000 225.057 yellow
1
rotate 134.943 2000
rectangle 658.600 206.000 14.000 28.000 199.326 black
1
rotate 160.674 2000
rectangle 611.000 220.000 14.000 28.000 192.394 black
1
rotate -192.394 2000
rectangle 286.200 241.000 14.000 14.000 100.910 black
1
rotate -100.910 2000
rectangle 431.800 220.000 14.000 28.000 272.141 yellow
1
rotate 87.859 2000
rectangle 844.800 157.000 28.000 14.000 13.837 yellow
1
rotate -13.837 2000
rectangle 672.600 157.000 14.000 14.000 111.623 black
1
rotate 248.377 2000
rectangle 224.600 157.000 42.000 14.000 249.095 black
1
rotate 110.905 2000
rectangle 224.600 241.000 14.000 14.000 153.564 black
1
rotate -153.564 2000
rectangle 431.800 185.000 14.000 42.000 94.081 yellow
1
rotate -94.081 2000
rectangle 727.200 157.000 28.000 14.000 211.217 black
1
rotate -211.217 2000
rectangle 658.600 234.000 14.000 28.000 259.222 black
1
rotate 100.778 2000
rectangle 328.200 157.000 14.000 14.000 192.726 black
1
rotate -192.726 2000
rectangle 795.800 192.000 14.000 28.000 114.966 yellow
1
rotate -114.966 2000
rectangle 706.200 178.000 14.000 28.000 214.549 black
1
rotate -214.549 2000
rectangle 555.000 185.000 14.000 42.000 309.700 black
1
rotate 50.300 2000
rectangle 644.600 157.000 14.000 14.000 256.750 black
1
rotate 103.250 2000
rectangle 795.800 241.000 14.000 14.000 279.043 yellow
1
rotate 80.957 2000
rectangle 493.400 227.000 14.000 42.000 122.494 red
1
rotate -122.494 2000
rectangle 238.600 241.000 14.000 14.000 18.114 black
1
rotate -18.114 2000
rectangle 479.400 157.000 42.000 14.000 267.339 red
1
rotate 92.661 2000
rectangle 830.800 199.000 28.000 14.000 296.710 yellow
1
rotate 63.290 2000
rectangle 286.200 178.000 14.000 28.000 80.632 black
1
rotate -80.632 2000
rectangle 417.800 241.000 14.000 14.000 206.568 yellow
1
rotate -206.568 2000
rectangle 252.600 185.000 14.000 42.000 228.607 black
1
rotate -228.607 2000
rectangle 611.000 157.000 14.000 14.000 235.707 black
1
rotate 124.293 2000
rectangle 135.000 241.000 42.000 14.000 108.010 yellow
1
rotate -108.010 2000
rectangle 196.600 213.000 14.000 42.000 280.125 black
1
rotate 79.875 2000
rectangle 403.800 241.000 14.000 14.000 310.582 yellow
1
rotate 49.418 2000
rectangle 196.600 178.000 14.000 28.000 152.910 black
1
rotate -152.910 2000
