800 400
42
rectangle 342.200 185.000 14.000 42.000 0.000 yellow
0
rectangle 663.000 185.000 14.000 42.000 0.000 yellow
0
rectangle 286.200 241.000 14.000 14.000 0.000 yellow
0
rectangle 135.000 157.000 42.000 14.000 0.000 black
0
rectangle 342.200 220.000 14.000 28.000 0.000 yellow
0
rectangle 403.800 227.000 14.000 42.000 0.000 black
0
rectangle 486.400 241.000 28.000 14.000 0.000 red
0
rectangle 472.400 199.000 28.000 14.000 0.000 red
0
rectangle 342.200 157.000 14.000 14.000 0.000 yellow
0
rectangle 286.200 220.000 14.000 28.000 0.000 yellow
0
rectangle 663.000 227.000 14.000 42.000 0.000 yellow
0
rectangle 107.000 178.000 14.000 28.000 0.000 black
0
rectangle 286.200 157.000 14.000 14.000 0.000 yellow
0
rectangle 465.400 192.000 14.000 28.000 0.000 red
0
rectangle 286.200 185.000 14.000 42.000 0.000 yellow
0
rectangle 479.400 157.000 42.000 14.000 0.000 red
0
rectangle 465.400 220.000 14.000 28.000 0.000 red
0
rectangle 135.000 241.000 42.000 14.000 0.000 black
0
rectangle 514.400 157.000 28.000 14.000 0.000 red
0
rectangle 403.800 185.000 14.000 42.000 0.000 black
0
rectangle 107.000 213.000 14.000 42.000 0.000 black
0
rectangle 649.000 157.000 42.000 14.000 0.000 yellow
0
rectangle 163.000 227.000 14.000 14.000 0.000 black
0
rectangle 314.200 199.000 14.000 14.000 0.000 yellow
0
rectangle 328.200 213.000 14.000 14.000 0.000 yellow
0
rectangle 465.400 171.000 14.000 14.000 0.000 red
0
rectangle 342.200 241.000 14.000 14.000 0.000 yellow
0
rectangle 684.000 157.000 28.000 14.000 0.000 yellow
0
rectangle 424.800 157.000 28.000 14.000 0.000 black
0
rectangle 300.200 185.000 14.000 14.000 0.000 yellow
0
rectangle 389.800 157.000 42.000 14.000 0.000 black
0
rectangle 500.400 199.000 28.000 14.000 0.000 red
0
rectangle 578.000 200.000 60.000 100.000 0.000 red
0
rectangle 163.000 171.000 14.000 14.000 0.000 black
0
rectangle 514.400 241.000 28.000 14.000 0.000 red
0
rectangle 465.400 241.000 14.000 14.000 0.000 red
0
circle 224.600 199.000 35.000 red
0
circle 598.000 180.000 10.000 white
0
circle 578.000 220.000 10.000 white
0
circle 558.000 220.000 10.000 white
0
circle 224.600 199.000 21.000 white
0
circle 578.000 180.000 10.000 white
0
